40
1 26 1 1588
2 24 10 1620
3 79 9 1731
4 46 10 1773
5 32 10 1694
6 35 4 1487
7 73 3 1566
8 74 2 1844
9 14 10 1727
10 67 3 1636
11 86 7 1599
12 46 3 1539
13 78 1 1855
14 40 3 1645
15 29 10 1709
16 94 4 1660
17 64 7 1582
18 27 7 1836
19 90 4 1484
20 55 7 1559
21 35 5 1772
22 52 3 1510
23 36 5 1512
24 69 4 1795
25 85 9 1522
26 95 5 1509
27 14 2 1598
28 78 8 1658
29 37 10 1826
30 86 4 1628
31 44 7 1650
32 28 4 1833
33 39 9 1627
34 12 5 1528
35 30 7 1541
36 68 7 1497
37 70 5 1481
38 9 10 1446
39 49 1 1579
40 50 3 1814